1989985
1158549
1989985
3802272
3840400
492901
3373312
9862224
8745875
4457338
9556278
8640014
uQifUN2rApw
65215795
3645199
8pgaXxI_cpU
8HP6XVrehmg
8671058
11383317
44269784
tDqpVqO5PDk
87181860
VDG5Pio-kr8
1153492
5059849
77877615
2521890
49809686
NCDkXKweYOA
3530337
ktLovin_0Uw
4586469
1989985
3802272
3840400
492901
3373312
9862224
8745875
4457338
9556278
8640014
uQifUN2rApw
65215795
3645199
8pgaXxI_cpU
8HP6XVrehmg
8671058
11383317
44269784
tDqpVqO5PDk
87181860
VDG5Pio-kr8
1153492
5059849
77877615
2521890
49809686
NCDkXKweYOA
3530337
ktLovin_0Uw
8884994
8261480
lf6DHmWTdYM
1907000
h6K_PJDx67I
2036339
4763056
4225741
Xf94Xy-LDA4
16480572
2539211
9275208
o7E0XMCG2pM
8908366
1144762
1008173
554623
46605630
mmnCagRO51o
9603126
3471819
2563375
2460590
5nHCWPpEyes
362259
53966311
10718876
84472424
_umddxBqovU
1199117
oZCip6sQe5k
1015108
1199117
8247881
601083
8017134
bM_dubMcYZ0
889475
zR4gsfiBSAw
9285259
6679890
Rb0D7rYAcmM
8334413
8685469
1740210
9036426
84159153
1002085
1959159
llrmnD3MNCk
1784880
9540299
4408325
542210
10463434
25405325
4655047
QyoBalHkaJc
521218
632923